1 -1 2 -1 -2
3 -1 4 -1 5 -1 -2
6 -1 -2
6 -1 -2
7 -1 -2
7 -1 -2
2 -1 -2
6 -1 -2
8 -1 -2
2 -1 9 -1 -2
10 -1 11 -1 4 -1 -2
2 -1 12 -1 -2
4 -1 6 -1 -2
13 -1 -2
2 -1 -2
3 -1 2 -1 -2
13 -1 -2
14 -1 2 -1 -2
15 -1 16 -1 -2
2 -1 -2
14 -1 -2
17 -1 5 -1 -2
6 -1 -2
13 -1 14 -1 18 -1 -2
15 -1 19 -1 5 -1 12 -1 20 -1 -2
6 -1 -2
21 -1 6 -1 -2
21 -1 6 -1 -2
22 -1 23 -1 1 -1 9 -1 24 -1 -2
21 -1 20 -1 -2
25 -1 26 -1 -2
27 -1 23 -1 2 -1 -2
28 -1 29 -1 4 -1 -2
27 -1 18 -1 -2
9 -1 20 -1 -2
12 -1 -2
17 -1 -2
21 -1 5 -1 -2
13 -1 -2
30 -1 4 -1 31 -1 -2
4 -1 -2
17 -1 32 -1 22 -1 20 -1 2 -1 -2
33 -1 -2
12 -1 -2
14 -1 -2
20 -1 -2
14 -1 23 -1 34 -1 7 -1 13 -1 -2
17 -1 7 -1 20 -1 -2
35 -1 32 -1 22 -1 20 -1 31 -1 -2
36 -1 -2
14 -1 20 -1 -2
2 -1 -2
37 -1 -2
13 -1 21 -1 -2
31 -1 7 -1 26 -1 -2
21 -1 3 -1 -2
21 -1 -2
6 -1 -2
3 -1 37 -1 -2
33 -1 -2
23 -1 17 -1 3 -1 -2
12 -1 5 -1 13 -1 6 -1 -2
37 -1 -2
38 -1 -2
9 -1 -2
38 -1 -2
39 -1 30 -1 -2
21 -1 6 -1 -2
21 -1 6 -1 -2
12 -1 30 -1 -2
21 -1 -2
8 -1 -2
23 -1 -2
12 -1 31 -1 13 -1 21 -1 -2
36 -1 4 -1 -2
6 -1 40 -1 -2
8 -1 -2
18 -1 -2
41 -1 -2
17 -1 4 -1 14 -1 -2
5 -1 -2
12 -1 14 -1 -2
18 -1 31 -1 -2
42 -1 -2
42 -1 39 -1 20 -1 -2
26 -1 -2
43 -1 44 -1 5 -1 -2
7 -1 6 -1 -2
20 -1 -2
31 -1 -2
17 -1 45 -1 -2
31 -1 -2
31 -1 -2
39 -1 36 -1 20 -1 -2
12 -1 -2
31 -1 -2
46 -1 -2
17 -1 9 -1 2 -1 6 -1 -2
47 -1 31 -1 -2
20 -1 -2
9 -1 13 -1 7 -1 6 -1 -2
14 -1 6 -1 -2
12 -1 48 -1 -2
31 -1 -2
20 -1 -2
31 -1 -2
36 -1 2 -1 6 -1 -2
20 -1 -2
20 -1 -2
36 -1 -2
36 -1 -2
42 -1 49 -1 6 -1 -2
50 -1 -2
36 -1 26 -1 -2
20 -1 -2
5 -1 20 -1 -2
34 -1 6 -1 -2
6 -1 -2
39 -1 -2
7 -1 6 -1 -2
31 -1 33 -1 -2
23 -1 42 -1 -2
6 -1 -2
1 -1 36 -1 14 -1 -2
36 -1 -2
2 -1 -2
6 -1 -2
6 -1 -2
38 -1 9 -1 36 -1 13 -1 -2
34 -1 2 -1 6 -1 -2
5 -1 36 -1 -2
31 -1 -2
2 -1 -2
18 -1 -2
31 -1 -2
14 -1 6 -1 -2
6 -1 -2
31 -1 -2
31 -1 -2
31 -1 -2
31 -1 6 -1 -2
2 -1 -2
23 -1 -2
1 -1 36 -1 -2
6 -1 -2
31 -1 -2
31 -1 -2
31 -1 -2
43 -1 31 -1 -2
34 -1 6 -1 -2
31 -1 -2
51 -1 13 -1 31 -1 -2
6 -1 -2
34 -1 31 -1 -2
52 -1 30 -1 5 -1 -2
53 -1 54 -1 6 -1 -2
21 -1 -2
31 -1 -2
39 -1 31 -1 -2
31 -1 -2
12 -1 9 -1 20 -1 -2
16 -1 -2
6 -1 -2
28 -1 -2
38 -1 -2
6 -1 -2
12 -1 6 -1 -2
4 -1 -2
6 -1 -2
23 -1 -2
23 -1 -2
55 -1 -2
47 -1 36 -1 -2
54 -1 31 -1 -2
20 -1 -2
39 -1 31 -1 -2
20 -1 -2
34 -1 -2
13 -1 30 -1 -2
14 -1 20 -1 -2
56 -1 57 -1 -2
13 -1 20 -1 -2
2 -1 20 -1 -2
36 -1 -2
42 -1 23 -1 2 -1 6 -1 -2
12 -1 23 -1 -2
21 -1 -2
18 -1 -2
55 -1 21 -1 6 -1 -2
12 -1 -2
9 -1 54 -1 -2
12 -1 55 -1 26 -1 21 -1 -2
36 -1 2 -1 -2
6 -1 -2
9 -1 31 -1 -2
54 -1 -2
23 -1 -2
21 -1 -2
2 -1 -2
19 -1 20 -1 -2
9 -1 34 -1 -2
31 -1 -2
9 -1 31 -1 -2
6 -1 -2
12 -1 -2
42 -1 20 -1 -2
12 -1 3 -1 -2
12 -1 5 -1 -2
21 -1 -2
36 -1 20 -1 -2
23 -1 -2
23 -1 -2
6 -1 -2
20 -1 -2
20 -1 -2
12 -1 -2
12 -1 -2
2 -1 -2
54 -1 6 -1 -2
12 -1 5 -1 6 -1 -2
8 -1 6 -1 -2
48 -1 -2
30 -1 2 -1 -2
31 -1 -2
28 -1 -2
12 -1 42 -1 31 -1 -2
12 -1 -2
34 -1 -2
12 -1 20 -1 -2
14 -1 -2
14 -1 -2
55 -1 18 -1 -2
12 -1 42 -1 31 -1 -2
34 -1 14 -1 -2
34 -1 14 -1 -2
14 -1 31 -1 -2
34 -1 -2
12 -1 -2
13 -1 20 -1 -2
12 -1 -2
12 -1 33 -1 -2
12 -1 -2
18 -1 -2
13 -1 20 -1 -2
12 -1 31 -1 -2
5 -1 -2
30 -1 31 -1 -2
14 -1 2 -1 -2
12 -1 5 -1 -2
12 -1 4 -1 -2
55 -1 12 -1 -2
55 -1 12 -1 -2
30 -1 20 -1 -2
5 -1 20 -1 -2
30 -1 20 -1 -2
42 -1 31 -1 -2
1 -1 -2
48 -1 -2
12 -1 -2
30 -1 -2
12 -1 2 -1 -2
36 -1 -2
12 -1 -2
30 -1 -2
12 -1 6 -1 -2
12 -1 1 -1 -2
55 -1 58 -1 -2
55 -1 58 -1 -2
12 -1 21 -1 -2
28 -1 -2
12 -1 6 -1 -2
2 -1 -2
12 -1 8 -1 21 -1 -2
21 -1 -2
36 -1 -2
10 -1 -2
12 -1 5 -1 -2
12 -1 -2
30 -1 -2
20 -1 -2
55 -1 2 -1 -2
12 -1 -2
12 -1 5 -1 -2
20 -1 -2
12 -1 5 -1 -2
12 -1 -2
12 -1 5 -1 -2
12 -1 -2
12 -1 5 -1 -2
12 -1 -2
20 -1 -2
28 -1 20 -1 -2
12 -1 20 -1 -2
6 -1 -2
5 -1 14 -1 -2
12 -1 5 -1 -2
12 -1 5 -1 -2
12 -1 5 -1 -2
12 -1 6 -1 -2
55 -1 34 -1 14 -1 -2
14 -1 -2
20 -1 -2
39 -1 -2
39 -1 -2
20 -1 -2
28 -1 20 -1 -2
13 -1 -2
59 -1 -2
6 -1 -2
5 -1 -2
36 -1 -2
22 -1 6 -1 -2
12 -1 -2
2 -1 20 -1 -2
39 -1 -2
12 -1 -2
12 -1 31 -1 -2
6 -1 -2
12 -1 5 -1 -2
12 -1 5 -1 -2
36 -1 31 -1 -2
28 -1 31 -1 -2
28 -1 31 -1 -2
28 -1 31 -1 -2
12 -1 6 -1 -2
12 -1 6 -1 -2
55 -1 22 -1 9 -1 31 -1 -2
20 -1 -2
2 -1 20 -1 -2
22 -1 -2
37 -1 -2
10 -1 -2
22 -1 4 -1 -2
20 -1 -2
20 -1 -2
6 -1 -2
30 -1 6 -1 -2
12 -1 13 -1 31 -1 -2
6 -1 -2
12 -1 13 -1 31 -1 -2
6 -1 -2
12 -1 -2
30 -1 -2
20 -1 -2
20 -1 -2
3 -1 -2
22 -1 20 -1 -2
55 -1 5 -1 -2
5 -1 -2
2 -1 -2
2 -1 -2
6 -1 -2
12 -1 6 -1 -2
3 -1 6 -1 -2
30 -1 -2
6 -1 -2
12 -1 -2
55 -1 -2
55 -1 -2
34 -1 6 -1 -2
12 -1 13 -1 6 -1 -2
12 -1 54 -1 -2
30 -1 -2
12 -1 5 -1 -2
12 -1 5 -1 -2
12 -1 4 -1 20 -1 -2
12 -1 6 -1 -2
30 -1 20 -1 -2
12 -1 -2
12 -1 13 -1 6 -1 -2
6 -1 -2
12 -1 20 -1 -2
8 -1 2 -1 -2
4 -1 31 -1 -2
12 -1 54 -1 -2
54 -1 -2
12 -1 31 -1 -2
12 -1 20 -1 60 -1 -2
55 -1 12 -1 34 -1 6 -1 -2
21 -1 6 -1 -2
12 -1 -2
12 -1 -2
12 -1 5 -1 -2
12 -1 5 -1 -2
6 -1 -2
23 -1 -2
55 -1 34 -1 -2
12 -1 8 -1 2 -1 -2
12 -1 8 -1 2 -1 -2
22 -1 -2
12 -1 54 -1 -2
14 -1 -2
21 -1 -2
12 -1 -2
20 -1 -2
12 -1 6 -1 -2
28 -1 20 -1 -2
12 -1 5 -1 -2
12 -1 5 -1 -2
12 -1 20 -1 -2
12 -1 8 -1 6 -1 -2
54 -1 -2
20 -1 -2
12 -1 23 -1 -2
5 -1 20 -1 -2
30 -1 -2
12 -1 4 -1 -2
12 -1 -2
12 -1 9 -1 31 -1 -2
12 -1 31 -1 -2
12 -1 9 -1 31 -1 -2
20 -1 -2
20 -1 -2
6 -1 -2
12 -1 23 -1 -2
5 -1 -2
12 -1 -2
6 -1 -2
20 -1 -2
6 -1 -2
20 -1 -2
12 -1 5 -1 -2
12 -1 -2
12 -1 24 -1 -2
12 -1 5 -1 -2
28 -1 20 -1 -2
10 -1 20 -1 -2
2 -1 -2
20 -1 -2
20 -1 -2
20 -1 -2
20 -1 -2
21 -1 6 -1 -2
20 -1 -2
13 -1 -2
13 -1 -2
8 -1 13 -1 -2
55 -1 2 -1 20 -1 -2
12 -1 -2
20 -1 13 -1 -2
12 -1 30 -1 20 -1 -2
20 -1 -2
55 -1 12 -1 -2
55 -1 5 -1 22 -1 -2
12 -1 8 -1 6 -1 -2
12 -1 -2
12 -1 5 -1 -2
12 -1 9 -1 13 -1 -2
12 -1 9 -1 -2
12 -1 8 -1 6 -1 -2
12 -1 5 -1 -2
61 -1 62 -1 63 -1 -2
5 -1 64 -1 63 -1 -2
65 -1 61 -1 66 -1 -2
32 -1 66 -1 -2
63 -1 -2
66 -1 -2
63 -1 -2
67 -1 68 -1 -2
45 -1 63 -1 -2
69 -1 63 -1 -2
2 -1 70 -1 63 -1 -2
63 -1 -2
66 -1 -2
62 -1 65 -1 66 -1 -2
62 -1 69 -1 -2
66 -1 69 -1 -2
71 -1 72 -1 48 -1 42 -1 66 -1 -2
71 -1 66 -1 -2
35 -1 71 -1 66 -1 -2
62 -1 66 -1 -2
66 -1 -2
65 -1 -2
25 -1 65 -1 73 -1 63 -1 -2
3 -1 46 -1 66 -1 -2
74 -1 -2
73 -1 -2
75 -1 66 -1 -2
73 -1 -2
73 -1 -2
73 -1 -2
70 -1 -2
76 -1 -2
65 -1 -2
19 -1 73 -1 -2
73 -1 62 -1 61 -1 -2
65 -1 -2
19 -1 3 -1 70 -1 -2
61 -1 -2
76 -1 -2
62 -1 63 -1 -2
21 -1 -2
73 -1 -2
77 -1 63 -1 -2
73 -1 -2
17 -1 70 -1 62 -1 -2
62 -1 -2
62 -1 -2
17 -1 70 -1 62 -1 63 -1 22 -1 -2
64 -1 63 -1 -2
78 -1 62 -1 -2
64 -1 -2
63 -1 -2
32 -1 64 -1 69 -1 -2
71 -1 63 -1 -2
63 -1 -2
66 -1 63 -1 -2
73 -1 -2
65 -1 63 -1 -2
63 -1 -2
63 -1 -2
66 -1 -2
73 -1 63 -1 -2
63 -1 -2
65 -1 63 -1 -2
37 -1 2 -1 42 -1 79 -1 -2
27 -1 -2
75 -1 62 -1 63 -1 -2
65 -1 63 -1 -2
63 -1 -2
65 -1 63 -1 -2
63 -1 -2
63 -1 -2
55 -1 42 -1 63 -1 -2
43 -1 65 -1 63 -1 -2
22 -1 64 -1 73 -1 63 -1 -2
1 -1 79 -1 80 -1 63 -1 -2
81 -1 71 -1 63 -1 -2
71 -1 63 -1 -2
42 -1 79 -1 80 -1 77 -1 63 -1 -2
12 -1 79 -1 -2
12 -1 73 -1 -2
63 -1 -2
63 -1 -2
55 -1 82 -1 75 -1 63 -1 -2
61 -1 63 -1 -2
12 -1 73 -1 63 -1 -2
12 -1 73 -1 63 -1 -2
12 -1 64 -1 63 -1 -2
61 -1 79 -1 83 -1 84 -1 63 -1 -2
73 -1 80 -1 -2
68 -1 12 -1 85 -1 64 -1 63 -1 -2
77 -1 80 -1 63 -1 -2
55 -1 85 -1 64 -1 63 -1 -2
64 -1 81 -1 63 -1 -2
12 -1 43 -1 61 -1 63 -1 -2
69 -1 27 -1 -2
86 -1 -2
17 -1 -2
17 -1 -2
87 -1 88 -1 -2
89 -1 90 -1 -2
91 -1 92 -1 -2
17 -1 90 -1 67 -1 45 -1 -2
90 -1 -2
93 -1 -2
90 -1 -2
5 -1 -2
87 -1 -2
92 -1 -2
67 -1 32 -1 -2
87 -1 -2
90 -1 -2
32 -1 94 -1 -2
94 -1 55 -1 95 -1 12 -1 -2
22 -1 -2
23 -1 -2
17 -1 96 -1 97 -1 -2
2 -1 -2
20 -1 23 -1 -2
36 -1 94 -1 -2
94 -1 -2
94 -1 -2
36 -1 -2
94 -1 -2
94 -1 -2
94 -1 -2
36 -1 98 -1 -2
94 -1 -2
47 -1 13 -1 55 -1 94 -1 -2
99 -1 72 -1 94 -1 -2
55 -1 30 -1 94 -1 -2
94 -1 -2
36 -1 -2
98 -1 -2
2 -1 97 -1 94 -1 -2
94 -1 -2
55 -1 -2
97 -1 12 -1 -2
12 -1 55 -1 -2
94 -1 -2
55 -1 30 -1 -2
94 -1 -2
12 -1 2 -1 98 -1 94 -1 -2
94 -1 -2
12 -1 85 -1 100 -1 2 -1 101 -1 -2
69 -1 15 -1 102 -1 2 -1 93 -1 -2
103 -1 2 -1 -2
8 -1 104 -1 -2
32 -1 -2
93 -1 92 -1 -2
93 -1 -2
102 -1 -2
17 -1 15 -1 105 -1 45 -1 -2
15 -1 32 -1 45 -1 -2
106 -1 -2
17 -1 -2
103 -1 70 -1 -2
93 -1 -2
17 -1 -2
92 -1 -2
57 -1 32 -1 -2
57 -1 32 -1 -2
107 -1 -2
45 -1 -2
35 -1 107 -1 -2
93 -1 -2
98 -1 -2
2 -1 -2
2 -1 -2
23 -1 -2
12 -1 -2
45 -1 -2
108 -1 -2
101 -1 -2
38 -1 -2
58 -1 -2
109 -1 101 -1 110 -1 -2
5 -1 -2
110 -1 -2
1 -1 2 -1 100 -1 -2
110 -1 -2
7 -1 -2
19 -1 -2
19 -1 -2
55 -1 86 -1 5 -1 37 -1 7 -1 -2
25 -1 19 -1 -2
19 -1 -2
55 -1 82 -1 -2
82 -1 -2
7 -1 -2
19 -1 -2
17 -1 1 -1 7 -1 -2
17 -1 1 -1 -2
40 -1 13 -1 111 -1 -2
12 -1 -2
13 -1 -2
112 -1 96 -1 -2
30 -1 -2
113 -1 -2
33 -1 96 -1 -2
17 -1 2 -1 3 -1 -2
114 -1 -2
2 -1 -2
115 -1 -2
95 -1 -2
45 -1 17 -1 15 -1 2 -1 69 -1 20 -1 -2
45 -1 116 -1 2 -1 69 -1 20 -1 -2
117 -1 118 -1 -2
25 -1 119 -1 86 -1 -2
25 -1 119 -1 86 -1 -2
95 -1 -2
32 -1 100 -1 -2
86 -1 110 -1 -2
20 -1 -2
120 -1 -2
121 -1 -2
121 -1 -2
121 -1 2 -1 -2
121 -1 2 -1 -2
2 -1 -2
56 -1 -2
95 -1 24 -1 -2
122 -1 -2
24 -1 5 -1 -2
60 -1 -2
32 -1 108 -1 38 -1 -2
95 -1 5 -1 108 -1 -2
19 -1 -2
123 -1 22 -1 -2
58 -1 38 -1 6 -1 2 -1 -2
46 -1 -2
64 -1 92 -1 124 -1 121 -1 110 -1 -2
123 -1 -2
108 -1 -2
108 -1 -2
39 -1 -2
108 -1 -2
123 -1 -2
123 -1 -2
110 -1 -2
108 -1 123 -1 -2
123 -1 -2
123 -1 -2
123 -1 -2
7 -1 5 -1 -2
123 -1 -2
123 -1 -2
125 -1 -2
123 -1 -2
123 -1 -2
123 -1 -2
7 -1 -2
123 -1 -2
108 -1 -2
123 -1 -2
123 -1 -2
108 -1 -2
123 -1 -2
108 -1 -2
123 -1 110 -1 -2
85 -1 108 -1 -2
123 -1 -2
123 -1 -2
123 -1 -2
89 -1 -2
30 -1 -2
123 -1 -2
126 -1 -2
108 -1 123 -1 -2
12 -1 108 -1 -2
30 -1 127 -1 -2
90 -1 -2
106 -1 -2
59 -1 128 -1 -2
86 -1 17 -1 129 -1 -2
105 -1 129 -1 -2
105 -1 7 -1 -2
17 -1 130 -1 -2
130 -1 -2
105 -1 -2
105 -1 -2
17 -1 -2
105 -1 -2
39 -1 -2
45 -1 105 -1 -2
105 -1 -2
105 -1 -2
105 -1 -2
17 -1 -2
131 -1 45 -1 -2
105 -1 -2
86 -1 -2
39 -1 -2
105 -1 -2
105 -1 -2
86 -1 32 -1 -2
17 -1 -2
132 -1 5 -1 133 -1 -2
17 -1 45 -1 -2
62 -1 -2
17 -1 73 -1 -2
43 -1 -2
86 -1 134 -1 -2
134 -1 43 -1 -2
45 -1 -2
17 -1 -2
27 -1 135 -1 134 -1 -2
134 -1 136 -1 -2
68 -1 -2
136 -1 134 -1 -2
102 -1 -2
2 -1 -2
25 -1 -2
137 -1 -2
108 -1 23 -1 45 -1 -2
2 -1 137 -1 -2
137 -1 -2
137 -1 -2
137 -1 -2
137 -1 -2
137 -1 -2
97 -1 123 -1 138 -1 -2
97 -1 123 -1 -2
15 -1 139 -1 17 -1 32 -1 -2
97 -1 -2
97 -1 123 -1 -2
97 -1 123 -1 138 -1 -2
85 -1 126 -1 -2
85 -1 -2
74 -1 9 -1 45 -1 32 -1 -2
55 -1 126 -1 138 -1 -2
140 -1 -2
35 -1 32 -1 130 -1 -2
58 -1 -2
105 -1 -2
134 -1 15 -1 130 -1 32 -1 -2
46 -1 113 -1 -2
141 -1 105 -1 -2
50 -1 -2
142 -1 -2
126 -1 -2
126 -1 -2
126 -1 -2
126 -1 7 -1 -2
126 -1 -2
138 -1 -2
7 -1 -2
7 -1 -2
27 -1 -2
27 -1 -2
27 -1 -2
27 -1 -2
27 -1 -2
69 -1 93 -1 -2
17 -1 45 -1 -2
17 -1 -2
62 -1 134 -1 -2
136 -1 -2
17 -1 -2
17 -1 -2
10 -1 143 -1 -2
17 -1 20 -1 58 -1 -2
136 -1 45 -1 -2
45 -1 -2
45 -1 -2
17 -1 45 -1 -2
17 -1 45 -1 -2
17 -1 105 -1 136 -1 93 -1 -2
136 -1 -2
136 -1 -2
92 -1 -2
83 -1 45 -1 -2
136 -1 45 -1 -2
45 -1 -2
136 -1 -2
93 -1 -2
89 -1 -2
45 -1 -2
93 -1 -2
136 -1 134 -1 93 -1 -2
93 -1 -2
93 -1 -2
144 -1 74 -1 45 -1 -2
136 -1 -2
136 -1 45 -1 -2
136 -1 45 -1 -2
45 -1 -2
45 -1 -2
45 -1 -2
86 -1 45 -1 -2
136 -1 -2
137 -1 130 -1 -2
56 -1 104 -1 -2
104 -1 -2
79 -1 80 -1 76 -1 104 -1 -2
145 -1 104 -1 -2
76 -1 104 -1 -2
146 -1 115 -1 104 -1 -2
17 -1 32 -1 145 -1 146 -1 104 -1 -2
17 -1 63 -1 115 -1 104 -1 -2
56 -1 63 -1 115 -1 104 -1 -2
83 -1 115 -1 104 -1 -2
104 -1 -2
147 -1 33 -1 76 -1 -2
17 -1 45 -1 -2
17 -1 -2
17 -1 -2
115 -1 -2
32 -1 148 -1 115 -1 -2
138 -1 -2
138 -1 139 -1 -2
139 -1 -2
104 -1 115 -1 -2
17 -1 -2
115 -1 -2
115 -1 -2
115 -1 -2
17 -1 -2
139 -1 -2
139 -1 -2
17 -1 -2
139 -1 -2
139 -1 -2
139 -1 -2
115 -1 83 -1 -2
81 -1 -2
15 -1 17 -1 149 -1 95 -1 -2
17 -1 -2
139 -1 -2
146 -1 -2
139 -1 -2
150 -1 -2
135 -1 -2
135 -1 -2
139 -1 -2
139 -1 -2
17 -1 151 -1 45 -1 -2
115 -1 -2
78 -1 -2
12 -1 79 -1 -2
